# every prime gap found with |S| >= 4, that is every run where the
# matching in reduction R2 had four or more elements competing for the
# primes below the gap length.  columns: p q k |S| matched then the
# B-smooth members of the run.  recheck any row with:
#   python3 verify_375.py interval <p> <k>
113 127 13 5 1 114 115 116 117 118 119 120 121 122 123 124 125 126
317 331 13 4 1 318 319 320 321 322 323 324 325 326 327 328 329 330
523 541 17 4 1 524 525 526 527 528 529 530 531 532 533 534 535 536 537 538 539 540
1327 1361 33 7 1 1328 1329 1330 1331 1332 1333 1334 1335 1336 1337 1338 1339 1340 1341 1342 1343 1344 1345 1347 1348 1349 1350 1351 1352 1353 1355 1356 1357 1358 1359 1360
1669 1693 23 4 1 1670 1672 1673 1674 1675 1676 1677 1679 1680 1681 1682 1683 1684 1685 1686 1687 1688 1690 1691 1692
2179 2203 23 5 1 2180 2183 2184 2185 2187 2189 2190 2191 2192 2193 2195 2196 2197 2198 2200 2201 2202
2477 2503 25 4 1 2478 2479 2480 2482 2483 2484 2485 2486 2488 2489 2490 2491 2492 2493 2494 2495 2496 2497 2499 2500 2501 2502
3229 3251 21 5 1 3230 3231 3232 3233 3234 3237 3239 3240 3241 3243 3245 3247 3248 3249 3250
3739 3761 21 4 1 3740 3741 3743 3744 3745 3749 3750 3751 3752 3753 3756 3757 3759 3760
4177 4201 23 4 1 4179 4180 4181 4182 4183 4185 4186 4187 4188 4189 4190 4191 4192 4194 4199 4200
4831 4861 29 4 1 4832 4833 4836 4838 4840 4841 4842 4843 4844 4845 4847 4848 4849 4850 4851 4853 4858 4859 4860
5749 5779 29 4 1 5750 5751 5754 5757 5759 5760 5762 5763 5764 5766 5767 5768 5771 5772 5773 5775 5776 5777 5778
6491 6521 29 4 1 6493 6494 6495 6496 6497 6498 6499 6500 6501 6504 6507 6509 6510 6511 6512 6513 6516 6517 6519 6520
8389 8419 29 4 1 8393 8395 8397 8398 8399 8400 8401 8404 8405 8406 8410 8413 8415 8416 8417 8418
9551 9587 35 4 1 9552 9553 9554 9555 9557 9558 9559 9560 9563 9568 9570 9575 9576 9577 9579 9580 9581 9583 9585
9973 10007 33 6 1 9975 9976 9980 9982 9983 9984 9988 9990 9991 9994 9996 9999 10000 10001 10004 10005
10799 10831 31 4 1 10800 10802 10803 10804 10807 10808 10810 10812 10815 10816 10817 10819 10823 10824 10825 10827 10829 10830
11743 11777 33 4 1 11744 11745 11748 11749 11750 11752 11753 11760 11764 11765 11766 11767 11770 11771 11772 11773 11774 11775 11776
15683 15727 43 4 1 15686 15687 15688 15691 15694 15695 15696 15698 15700 15703 15704 15705 15707 15708 15712 15714 15715 15717 15718 15720 15721 15725
16141 16183 41 5 1 16146 16147 16148 16150 16154 16155 16157 16159 16160 16164 16165 16166 16167 16168 16169 16170 16171 16172 16176 16182
19609 19661 51 4 1 19610 19614 19617 19620 19623 19624 19625 19630 19631 19632 19635 19637 19639 19640 19642 19646 19647 19648 19649 19650 19651 19652 19654 19656
20563 20593 29 4 1 20564 20565 20566 20567 20569 20570 20572 20574 20577 20580 20582 20584 20585 20586 20587 20590 20591 20592
24281 24317 35 4 1 24282 24284 24287 24288 24289 24290 24295 24297 24299 24300 24302 24304 24307 24308 24309 24310 24311
25261 25301 39 5 1 25263 25265 25270 25272 25273 25275 25276 25277 25278 25280 25281 25283 25284 25285 25286 25288 25289 25290 25296 25298 25300
25471 25523 51 4 1 25472 25474 25476 25477 25479 25480 25481 25482 25484 25487 25488 25489 25491 25493 25498 25500 25502 25506 25511 25515 25517 25519 25520 25521
26597 26627 29 4 1 26598 26599 26600 26602 26605 26606 26607 26609 26611 26619 26620 26622 26623 26624 26625
30593 30631 37 6 1 30595 30597 30600 30601 30602 30603 30607 30609 30613 30615 30616 30618 30619 30621 30622 30623 30624 30625 30627 30628 30629
31397 31469 71 10 1 31400 31406 31407 31408 31410 31411 31413 31414 31415 31416 31417 31423 31424 31425 31428 31430 31433 31434 31436 31437 31439 31440 31442 31443 31445 31447 31450 31453 31455 31457 31458 31459 31460 31463 31464 31465
31907 31957 49 4 1 31913 31914 31915 31916 31920 31921 31924 31926 31928 31929 31930 31936 31937 31939 31941 31944 31947 31948 31950 31951 31955
33247 33287 39 5 1 33250 33252 33258 33259 33263 33264 33269 33271 33274 33275 33276 33277 33280 33282 33283 33284 33285 33286
34061 34123 61 8 1 34067 34068 34069 34071 34075 34077 34080 34081 34085 34086 34087 34090 34091 34093 34099 34100 34101 34102 34103 34104 34105 34110 34111 34112 34113 34114 34117 34119 34121 34122
34981 35023 41 4 1 34983 34986 34989 34992 34997 34998 35000 35002 35003 35010 35011 35014 35015 35017 35020 35022
35617 35671 53 4 1 35619 35620 35621 35624 35625 35626 35629 35630 35631 35632 35636 35638 35639 35640 35642 35643 35644 35646 35649 35650 35651 35653 35657 35658 35659 35668 35670
35677 35729 51 5 1 35680 35682 35685 35687 35689 35690 35695 35696 35697 35700 35705 35708 35711 35712 35713 35717 35720 35721 35722 35723 35724 35728
36389 36433 43 5 1 36391 36395 36396 36400 36401 36404 36406 36408 36410 36411 36414 36417 36418 36419 36421 36423 36424 36425 36426 36427 36432
37907 37951 43 5 1 37908 37909 37910 37914 37917 37920 37922 37924 37925 37926 37927 37928 37929 37931 37932 37935 37940 37942 37944 37947 37948 37949 37950
40289 40343 53 4 1 40290 40293 40296 40299 40300 40301 40304 40309 40310 40313 40317 40320 40326 40328 40330 40334 40337 40338 40339 40341
40639 40693 53 5 1 40640 40641 40643 40650 40651 40655 40656 40657 40660 40662 40663 40664 40670 40672 40673 40677 40678 40680 40683 40685 40687 40689 40690
43331 43391 59 6 1 43332 43334 43335 43337 43338 43340 43343 43344 43350 43354 43355 43357 43358 43359 43360 43361 43362 43363 43364 43365 43368 43371 43375 43378 43380 43381 43382 43384
45893 45943 49 5 1 45895 45898 45899 45900 45901 45902 45903 45904 45908 45917 45920 45924 45925 45927 45933 45934 45936 45938 45942
52321 52361 39 4 1 52323 52324 52325 52326 52327 52328 52332 52334 52337 52338 52341 52345 52350 52352 52353 52355 52360
58831 58889 57 4 1 58835 58838 58842 58843 58844 58850 58851 58853 58855 58860 58864 58865 58867 58869 58870 58872 58875 58876 58880 58882 58883 58888
60539 60589 49 4 1 60543 60544 60547 60550 60551 60552 60554 60555 60557 60562 60564 60568 60571 60573 60579 60580 60582 60588
69263 69313 49 4 1 69264 69273 69275 69276 69277 69278 69280 69285 69286 69287 69290 69296 69299 69300 69305 69309 69310 69312
100853 100907 53 4 1 100854 100858 100859 100860 100861 100862 100864 100868 100870 100872 100875 100878 100879 100880 100889 100890 100891 100893 100899 100901 100902 100905
103237 103289 51 4 1 103240 103243 103244 103246 103247 103248 103249 103250 103251 103252 103255 103257 103259 103264 103270 103272 103275 103279 103281 103282 103284 103285
107377 107441 63 4 1 107379 107380 107384 107387 107388 107395 107399 107400 107401 107406 107408 107410 107413 107415 107416 107420 107423 107424 107426 107428 107429 107433 107440
107509 107563 53 4 1 107512 107514 107520 107525 107529 107531 107532 107535 107536 107540 107543 107545 107548 107550 107555 107559 107562
116593 116639 45 4 1 116596 116600 116602 116603 116604 116610 116614 116615 116616 116617 116620 116622 116624 116625 116630 116632 116633
118297 118343 45 5 1 118300 118301 118305 118306 118311 118313 118314 118320 118326 118327 118331 118332 118335 118336 118338 118340 118341 118342
118973 119027 53 4 1 118974 118976 118978 118984 118985 118987 118988 118989 118990 118991 118992 118993 118996 119000 119002 119004 119006 119009 119016 119019 119021 119022 119024 119025
121081 121123 41 4 1 121085 121086 121088 121089 121091 121094 121095 121099 121100 121102 121103 121104 121105 121107 121108 121110 121111 121114 121121
124367 124427 59 5 1 124369 124372 124373 124375 124384 124388 124389 124392 124394 124396 124399 124400 124405 124410 124413 124415 124416 124422 124424 124425
125821 125863 41 4 1 125826 125828 125829 125832 125836 125837 125840 125846 125847 125849 125852 125853 125856 125860
126859 126913 53 4 1 126862 126866 126868 126869 126871 126873 126874 126875 126876 126880 126882 126888 126893 126896 126900 126907 126909 126910
134513 134581 67 5 1 134514 134520 134521 134524 134532 134534 134536 134537 134539 134540 134541 134545 134547 134550 134552 134560 134561 134568
152311 152363 51 4 1 152312 152317 152320 152322 152324 152327 152329 152333 152334 152337 152342 152344 152350 152352 152358 152360 152361
155921 156007 85 7 1 155925 155928 155930 155933 155936 155940 155944 155946 155949 155952 155955 155956 155958 155961 155964 155975 155976 155978 155979 155987 155989 155991 155992 156000 156003 156006
159233 159287 53 4 1 159236 159239 159247 159248 159249 159250 159258 159264 159271 159272 159273 159275 159277 159278 159280 159285
162143 162209 65 5 1 162146 162150 162153 162155 162159 162162 162168 162171 162174 162175 162176 162180 162184 162185 162190 162192 162196 162197 162206 162207 162208
171947 172001 53 4 1 171948 171950 171953 171954 171955 171957 171961 171962 171963 171965 171967 171969 171972 171976 171981 171983 171985 171988 171989 171990 172000
173359 173429 69 6 1 173360 173362 173372 173375 173376 173382 173383 173394 173397 173398 173400 173402 173405 173416 173417 173419 173420 173428
178697 178753 55 4 1 178698 178702 178704 178705 178710 178711 178712 178716 178717 178718 178724 178729 178730 178733 178740 178746 178750 178752
186481 186551 69 5 1 186485 186494 186496 186499 186500 186501 186503 186504 186507 186515 186516 186517 186521 186524 186528 186534 186538 186543 186544 186548 186550
186959 187003 43 4 1 186960 186961 186963 186966 186975 186984 186987 186989 186990 186992 186993 186995 186998 187000
188029 188107 77 7 1 188031 188032 188034 188045 188046 188048 188053 188055 188062 188067 188069 188071 188074 188078 188082 188083 188088 188094 188097 188100 188106
195599 195659 59 4 1 195600 195605 195608 195611 195615 195619 195621 195622 195624 195625 195636 195637 195640 195650 195655 195657
202129 202183 53 4 1 202130 202137 202138 202139 202147 202150 202160 202166 202170 202176
203461 203531 69 6 1 203463 203467 203472 203476 203490 203496 203500 203504 203510 203514 203515 203520 203522 203523 203524 203528
206699 206749 49 4 1 206700 206701 206703 206711 206712 206718 206719 206720 206721 206724 206733 206735 206736 206739 206745 206747
212701 212777 75 4 1 212704 212706 212707 212710 212715 212716 212718 212721 212722 212724 212725 212729 212735 212736 212742 212744 212750 212751 212758 212760 212762 212768 212769 212772 212773
213407 213449 41 4 1 213408 213411 213416 213419 213422 213426 213427 213428 213435 213440 213443 213444 213446 213447
214993 215051 57 5 1 215000 215004 215006 215007 215016 215024 215025 215028 215031 215033 215039 215040 215050
221327 221393 65 4 1 221328 221331 221336 221340 221347 221350 221352 221354 221357 221358 221361 221364 221368 221369 221370 221371 221374 221375 221382 221386 221390 221392
243709 243769 59 4 1 243712 243713 243714 243716 243724 243729 243745 243746 243747 243750 243756 243758 243759 243760 243761 243764
250199 250253 53 4 1 250200 250205 250206 250210 250217 250222 250223 250224 250228 250230 250233 250236 250240 250242 250245 250250
265621 265703 81 7 1 265625 265629 265630 265636 265639 265640 265643 265644 265646 265650 265655 265660 265665 265668 265677 265680 265681 265683 265690 265696 265697 265698
273367 273433 65 4 1 273369 273372 273375 273378 273385 273394 273399 273402 273406 273408 273413 273415 273416 273420 273426 273427 273429
282713 282767 53 4 1 282716 282717 282720 282722 282725 282726 282734 282735 282736 282737 282740 282744 282745 282747 282750 282752 282753 282755 282764
283303 283369 65 4 1 283305 283309 283316 283318 283324 283328 283336 283337 283338 283340 283353 283356 283360 283361
288583 288647 63 4 1 288585 288586 288587 288591 288600 288603 288605 288606 288608 288610 288613 288615 288627 288632 288636 288637 288638 288640
290249 290317 67 4 1 290250 290251 290252 290272 290274 290280 290290 290293 290296 290297 290301 290303 290304 290314
295601 295663 61 4 1 295603 295608 295610 295611 295612 295616 295620 295625 295630 295631 295640 295641 295644 295646 295647 295650 295656 295658 295659
326369 326437 67 4 1 326370 326375 326382 326383 326388 326390 326400 326401 326403 326414 326415 326417 326424 326430 326432 326433
326779 326831 51 4 1 326781 326784 326791 326796 326800 326801 326802 326808 326815 326819 326820 326821 326823 326826 326830
332317 332393 75 5 1 332320 332324 332325 332328 332330 332332 332333 332334 332339 332340 332343 332346 332347 332350 332351 332367 332369 332381 332384 332387
360091 360163 71 5 1 360094 360096 360098 360100 360111 360112 360116 360125 360126 360128 360135 360136 360138 360144 360145 360148 360150 360158 360159 360161 360162
360337 360391 53 4 1 360340 360349 360354 360360 360368 360371 360372 360375 360376 360380 360381 360383 360386 360388 360390
367957 368021 63 5 1 367965 367973 367975 367979 367982 367983 367984 367992 367993 367994 367996 368000 368004 368007 368008 368010 368016 368018 368019
370261 370373 111 8 1 370265 370266 370272 370273 370279 370293 370296 370300 370301 370304 370305 370311 370326 370328 370329 370331 370332 370336 370337 370346 370348 370349 370352 370359 370360 370363 370367 370370
370949 371027 77 5 1 370951 370955 370967 370968 370975 370979 370980 370986 370991 370992 370999 371000 371007 371008 371010 371013 371025
379207 379273 65 4 1 379208 379211 379213 379215 379216 379220 379224 379225 379236 379240 379245 379246 379250 379260 379262 379270
396733 396833 99 6 1 396738 396739 396740 396744 396748 396750 396752 396756 396758 396760 396772 396774 396775 396780 396788 396792 396796 396799 396800 396808 396813 396819 396825 396828 396831
404597 404671 73 4 1 404600 404602 404608 404612 404613 404622 404624 404625 404629 404638 404639 404640 404643 404655 404662 404670
404851 404941 89 4 1 404855 404858 404866 404872 404874 404875 404880 404888 404889 404891 404892 404898 404902 404909 404910 404915 404920 404921 404922 404928 404931 404940
428899 428951 51 4 1 428901 428904 428910 428922 428925 428934 428944 428947 428948 428950
458239 458309 69 4 1 458240 458242 458248 458250 458252 458261 458265 458280 458283 458292 458294 458297 458298 458304
461717 461801 83 5 1 461718 461720 461724 461725 461727 461728 461734 461736 461737 461738 461745 461748 461754 461755 461756 461758 461760 461768 461772 461775 461776 461784
465841 465887 45 4 1 465842 465849 465850 465851 465856 465864 465868 465870 465878 465885
480209 480287 77 6 1 480212 480213 480216 480224 480225 480227 480233 480238 480240 480244 480246 480248 480249 480250 480255 480256 480260 480263 480267 480282 480286
492113 492227 113 9 1 492115 492119 492121 492125 492128 492135 492136 492137 492147 492149 492150 492155 492156 492167 492170 492173 492178 492184 492189 492195 492200 492205 492211 492218
505979 506047 67 5 1 505981 505984 505986 505989 505995 506000 506004 506010 506011 506012 506016 506018 506022 506023 506025 506033 506039 506044 506046
514967 515041 73 5 1 514968 514976 514983 514995 514998 515000 515001 515003 515011 515015 515016 515021 515025 515028 515034 515036 515039 515040
520451 520529 77 4 1 520452 520455 520457 520459 520460 520463 520467 520472 520475 520478 520482 520490 520497 520498 520500 520506 520513 520515 520520 520521 520523 520525
531383 531457 73 5 1 531392 531394 531396 531405 531416 531423 531431 531432 531433 531435 531440 531441 531449 531454 531456
542603 542683 79 4 1 542604 542605 542619 542626 542633 542636 542640 542654 542655 542656 542657 542659 542662 542673 542675 542682
544279 544367 87 4 1 544281 544287 544288 544289 544297 544301 544305 544307 544310 544311 544320 544324 544326 544341 544346 544350 544353 544355 544357 544360 544364
570253 570329 75 4 1 570261 570262 570266 570272 570276 570280 570283 570285 570288 570294 570304 570310 570311 570312 570315 570317 570318
576791 576881 89 5 1 576793 576798 576800 576802 576807 576810 576816 576818 576820 576828 576840 576844 576846 576850 576851 576859 576870 576875 576877 576878
618719 618799 79 4 1 618722 618723 618728 618732 618735 618744 618748 618750 618758 618760 618762 618765 618772 618775 618777 618784 618788 618792
631061 631121 59 4 1 631064 631069 631071 631072 631074 631085 631090 631098 631104 631109 631110 631116 631120
633667 633739 71 4 1 633668 633675 633680 633681 633688 633696 633699 633701 633705 633717 633719 633726 633730 633737 633738
637939 638023 83 5 1 637940 637952 637954 637956 637960 637970 637972 637974 637975 637980 637982 637991 637994 638000 638001 638010 638014 638020
643303 643369 65 4 1 643313 643314 643318 643328 643331 643333 643336 643338 643356 643357 643365 643367
714377 714443 65 5 1 714378 714381 714384 714386 714389 714395 714400 714402 714403 714405 714408 714410 714415 714420 714425 714426 714429 714432 714440
767957 768013 55 4 1 767960 767961 767968 767970 767975 767980 767999 768000 768007 768009 768012
777919 777977 57 4 1 777920 777924 777925 777929 777933 777934 777938 777940 777945 777948 777952 777953 777954 777955 777959 777974 777975
783953 784009 55 4 1 783954 783955 783959 783960 783972 783976 783978 783989 783990 783992 784000 784001 784003
789883 789941 57 4 1 789888 789906 789910 789911 789912 789921 789928 789929 789930 789940
815063 815123 59 4 1 815065 815070 815074 815080 815082 815085 815087 815100 815103 815104 815120 815121 815122
818021 818093 71 6 1 818026 818030 818032 818035 818038 818040 818045 818048 818055 818056 818064 818070 818088 818090
818723 818813 89 6 1 818735 818736 818740 818741 818748 818750 818754 818755 818762 818769 818772 818777 818800 818802 818803 818805 818807 818808 818811
822433 822517 83 4 1 822443 822447 822451 822453 822460 822463 822464 822465 822469 822475 822480 822490 822492 822497 822498 822500 822510 822514
838249 838349 99 4 1 838250 838257 838265 838269 838272 838274 838288 838292 838295 838299 838300 838303 838304 838309 838320 838323 838327 838332 838334 838340 838348
843911 844001 89 4 1 843915 843920 843932 843936 843939 843944 843948 843975 843982 843985 843986 843987 843997 843999 844000
914047 914117 69 4 1 914048 914050 914052 914054 914056 914064 914080 914085 914090 914095 914100 914109 914112 914115
927869 927961 91 4 1 927870 927871 927878 927884 927903 927904 927912 927914 927927 927936 927940 927950 927960
928703 928769 65 4 1 928716 928717 928719 928720 928725 928733 928746 928751 928754 928760
959009 959083 73 4 1 959028 959031 959032 959035 959038 959040 959052 959064 959068 959072 959075 959077 959078 959082
979567 979651 83 5 1 979572 979575 979583 979587 979599 979600 979608 979616 979622 979625 979639 979643 979649 979650
1011827 1011889 61 5 1 1011839 1011840 1011850 1011852 1011853 1011864 1011868 1011872 1011876 1011881 1011885
1025957 1026029 71 6 1 1025959 1025962 1025963 1025965 1025973 1025976 1025984 1025988 1025992 1025999 1026000 1026008 1026010 1026014 1026018 1026020 1026023 1026025 1026027
1040227 1040311 83 5 1 1040228 1040230 1040232 1040239 1040250 1040256 1040270 1040288 1040291 1040292 1040295 1040298 1040300
1060781 1060861 79 4 1 1060784 1060790 1060791 1060800 1060803 1060811 1060812 1060820 1060821 1060827 1060836 1060845 1060848 1060849 1060850 1060851
1072471 1072517 45 4 1 1072474 1072476 1072477 1072478 1072500 1072502 1072503 1072512 1072513
1100977 1101071 93 4 1 1100979 1100988 1100995 1101000 1101009 1101012 1101014 1101019 1101022 1101023 1101030 1101031 1101033 1101050 1101055 1101056 1101058 1101065 1101067 1101069
1133071 1133131 59 4 1 1133076 1133088 1133095 1133099 1133103 1133104 1133106 1133118 1133125 1133130
1133387 1133459 71 4 1 1133390 1133394 1133405 1133406 1133407 1133412 1133415 1133422 1133424 1133440 1133444 1133445 1133451 1133458
1137341 1137403 61 4 1 1137345 1137349 1137350 1137366 1137375 1137380 1137396 1137400 1137402
1139993 1140091 97 6 1 1139994 1139995 1140000 1140005 1140020 1140022 1140030 1140032 1140041 1140048 1140050 1140051 1140057 1140069 1140071 1140079 1140083 1140087 1140088 1140090
1169939 1170007 67 4 1 1169940 1169944 1169948 1169949 1169959 1169961 1169963 1169964 1169966 1169971 1169973 1169976 1169977 1169980 1169982 1169984 1169987 1169994 1170000 1170001 1170002
1232003 1232069 65 4 1 1232007 1232009 1232010 1232019 1232020 1232027 1232036 1232038 1232041 1232055 1232056 1232058 1232063 1232064 1232065
1236077 1236161 83 4 1 1236089 1236096 1236100 1236104 1236108 1236109 1236116 1236119 1236121 1236125 1236144 1236150 1236158
1242643 1242739 95 4 1 1242657 1242660 1242666 1242670 1242675 1242676 1242692 1242695 1242700 1242710 1242717 1242727 1242736
1264063 1264129 65 4 1 1264065 1264068 1264071 1264080 1264081 1264086 1264087 1264089 1264098 1264103 1264104 1264112 1264116 1264120 1264123
1357201 1357333 131 6 1 1357209 1357216 1357219 1357224 1357225 1357230 1357236 1357246 1357250 1357265 1357268 1357280 1357290 1357295 1357299 1357300 1357304 1357312 1357330
1388483 1388587 103 7 1 1388491 1388504 1388506 1388508 1388520 1388532 1388543 1388544 1388547 1388548 1388552 1388555 1388556 1388578 1388583
1416341 1416433 91 4 1 1416345 1416346 1416349 1416359 1416360 1416372 1416380 1416389 1416393 1416394 1416411 1416415 1416420 1416427
1468277 1468387 109 4 1 1468278 1468280 1468285 1468305 1468310 1468320 1468322 1468324 1468341 1468344 1468348 1468350 1468366 1468368 1468374 1468377 1468386
1470071 1470149 77 4 1 1470082 1470084 1470091 1470096 1470097 1470100 1470105 1470114 1470126 1470127 1470132 1470141 1470144 1470147
1561919 1562051 131 7 1 1561944 1561950 1561951 1561952 1561966 1561971 1561973 1561977 1561989 1561995 1561998 1562000 1562009 1562016 1562018 1562022 1562025 1562028 1562029 1562032 1562044 1562045
1562753 1562833 79 4 1 1562759 1562769 1562775 1562778 1562781 1562784 1562790 1562792 1562806 1562810 1562820 1562821
1599709 1599803 93 4 1 1599723 1599724 1599739 1599741 1599742 1599743 1599750 1599752 1599759 1599772 1599777 1599780 1599785 1599786 1599787 1599794 1599795 1599796 1599800 1599802
1633459 1633531 71 4 1 1633460 1633462 1633464 1633474 1633475 1633476 1633480 1633483 1633485 1633490 1633492 1633500 1633506 1633513 1633519 1633525 1633527 1633528
1648081 1648181 99 4 1 1648088 1648098 1648102 1648110 1648115 1648118 1648121 1648123 1648125 1648128 1648141 1648144 1648150 1648157 1648165
1654579 1654649 69 4 1 1654592 1654596 1654597 1654603 1654605 1654609 1654620 1654625 1654631 1654632 1654640
1671781 1671907 125 4 1 1671786 1671791 1671795 1671799 1671808 1671810 1671813 1671824 1671831 1671835 1671837 1671840 1671846 1671849 1671855 1671857 1671858 1671860 1671865 1671872 1671875 1671882 1671891 1671892 1671893
1677359 1677443 83 4 1 1677360 1677367 1677368 1677375 1677383 1677390 1677408 1677416 1677425 1677429 1677430 1677433 1677439 1677442
1761187 1761289 101 4 1 1761192 1761200 1761217 1761221 1761226 1761228 1761229 1761237 1761243 1761251 1761252 1761254 1761264 1761268 1761278 1761280
1834523 1834597 73 4 1 1834524 1834545 1834549 1834555 1834560 1834564 1834569 1834570 1834571 1834572 1834575 1834580 1834581 1834589 1834595
1876859 1876949 89 4 1 1876864 1876871 1876875 1876885 1876896 1876898 1876899 1876900 1876901 1876908 1876925 1876930 1876936 1876938 1876945
1889831 1889957 125 4 1 1889835 1889838 1889841 1889844 1889850 1889856 1889869 1889874 1889888 1889892 1889895 1889910 1889915 1889916 1889917 1889925 1889927 1889930 1889936 1889937 1889947 1889949 1889954
1895359 1895479 119 4 1 1895364 1895374 1895375 1895388 1895400 1895404 1895416 1895418 1895430 1895432 1895433 1895439 1895440 1895450 1895453 1895465 1895467 1895475
1964987 1965077 89 4 1 1964996 1965000 1965012 1965014 1965028 1965033 1965040 1965043 1965045 1965047 1965054 1965056 1965062 1965070 1965075
2010733 2010881 147 4 1 2010743 2010744 2010750 2010766 2010768 2010775 2010777 2010779 2010791 2010800 2010804 2010809 2010820 2010825 2010848 2010850 2010852 2010862 2010865 2010866 2010867 2010879
2045213 2045311 97 4 1 2045218 2045220 2045223 2045225 2045241 2045249 2045250 2045252 2045253 2045254 2045270 2045274 2045286 2045295 2045300 2045309
2181737 2181833 95 4 1 2181738 2181740 2181744 2181746 2181751 2181760 2181774 2181775 2181780 2181815 2181816 2181820 2181821 2181824 2181830 2181831
2220553 2220643 89 4 1 2220561 2220563 2220574 2220581 2220582 2220585 2220592 2220595 2220606 2220608 2220625 2220634 2220642
2242549 2242651 101 4 1 2242560 2242566 2242570 2242589 2242590 2242592 2242599 2242604 2242622 2242625 2242635 2242640
2243987 2244091 103 4 1 2243995 2243997 2243998 2244000 2244004 2244011 2244018 2244020 2244021 2244049 2244059 2244060 2244066 2244087 2244090
2267303 2267381 77 4 1 2267304 2267307 2267309 2267311 2267323 2267328 2267330 2267336 2267340 2267350 2267360 2267364 2267370 2267375
2483291 2483381 89 4 1 2483292 2483305 2483310 2483314 2483320 2483325 2483328 2483338 2483355 2483360 2483367 2483376 2483379
2527297 2527381 83 4 1 2527300 2527305 2527315 2527322 2527323 2527333 2527335 2527338 2527350 2527358 2527360 2527368 2527378
2527823 2527913 89 5 1 2527833 2527838 2527840 2527848 2527854 2527855 2527872 2527875 2527876 2527884 2527888 2527895 2527896 2527902 2527904 2527910
2597981 2598091 109 5 1 2597983 2597991 2597992 2597994 2598000 2598002 2598006 2598015 2598019 2598036 2598045 2598048 2598057 2598060 2598066 2598068 2598079 2598080 2598088
2613229 2613313 83 4 1 2613237 2613238 2613240 2613247 2613248 2613257 2613260 2613268 2613275 2613279 2613300 2613303 2613312
2637799 2637911 111 5 1 2637800 2637804 2637810 2637817 2637824 2637830 2637840 2637843 2637855 2637856 2637871 2637875 2637890 2637894
2674733 2674829 95 4 1 2674736 2674751 2674758 2674763 2674764 2674770 2674782 2674783 2674786 2674797 2674804 2674815
2931319 2931413 93 5 1 2931320 2931324 2931327 2931331 2931335 2931336 2931360 2931377 2931390 2931392 2931396 2931407
3059963 3060047 83 4 1 3059966 3059969 3059986 3060000 3060001 3060005 3060011 3060015 3060024 3060029 3060032 3060035 3060046
3064751 3064861 109 4 1 3064775 3064776 3064781 3064784 3064786 3064797 3064815 3064832 3064840 3064845 3064858
3117299 3117421 121 4 1 3117312 3117314 3117324 3117328 3117335 3117339 3117358 3117360 3117374 3117375 3117378 3117391 3117392 3117397 3117398 3117400 3117407 3117414 3117420
3136667 3136759 91 4 1 3136672 3136686 3136704 3136705 3136714 3136716 3136735 3136746 3136748 3136749 3136752
3155839 3155923 83 4 1 3155841 3155856 3155862 3155880 3155893 3155895 3155896 3155900 3155908 3155920 3155922
3240983 3241093 109 4 1 3240985 3240988 3240991 3240999 3241000 3241005 3241008 3241030 3241040 3241044 3241050 3241052 3241054 3241056 3241058 3241079 3241082 3241091
3254959 3255059 99 4 1 3254960 3254985 3254990 3254995 3254997 3255000 3255006 3255010 3255021 3255031 3255054
3422813 3422917 103 5 1 3422826 3422832 3422837 3422839 3422848 3422865 3422870 3422871 3422875 3422883 3422885 3422896 3422899 3422916
3429203 3429287 83 4 1 3429206 3429214 3429216 3429228 3429234 3429240 3429248 3429250 3429257 3429261 3429272 3429274 3429282
3434489 3434581 91 5 1 3434496 3434498 3434508 3434510 3434522 3434525 3434535 3434544 3434548 3434554 3434562
3453833 3453943 109 4 1 3453839 3453840 3453842 3453853 3453879 3453884 3453894 3453900 3453912 3453913 3453932
3539167 3539257 89 4 1 3539172 3539174 3539195 3539198 3539200 3539208 3539218 3539230 3539233 3539234 3539239 3539244 3539250
3583417 3583529 111 4 1 3583424 3583430 3583440 3583445 3583450 3583468 3583469 3583476 3583515 3583525
3593203 3593311 107 5 1 3593205 3593210 3593216 3593236 3593239 3593240 3593241 3593244 3593247 3593268 3593274 3593277 3593280 3593294 3593299 3593304 3593310
3595489 3595589 99 4 1 3595499 3595500 3595515 3595519 3595520 3595521 3595527 3595536 3595560 3595565 3595573 3595575 3595584
3671669 3671761 91 5 1 3671681 3671694 3671695 3671697 3671712 3671720 3671734 3671745 3671752 3671754 3671759
3706529 3706609 79 4 1 3706538 3706546 3706555 3706557 3706560 3706564 3706565 3706574 3706577 3706600 3706605 3706608
3727313 3727387 73 4 1 3727320 3727325 3727334 3727335 3727344 3727350 3727360 3727364 3727380 3727384
3751919 3752009 89 4 1 3751920 3751930 3751936 3751948 3751965 3751968 3751969 3751981 3751992 3751995 3752000 3752007
3789613 3789701 87 4 1 3789619 3789621 3789625 3789630 3789657 3789662 3789664 3789666 3789680 3789688 3789696
3790807 3790889 81 4 1 3790808 3790809 3790815 3790832 3790836 3790860 3790864 3790866 3790878 3790880
3826019 3826157 137 5 1 3826020 3826022 3826032 3826035 3826038 3826048 3826068 3826082 3826096 3826112 3826116 3826119 3826125 3826134 3826141 3826144
3851459 3851587 127 4 1 3851465 3851471 3851485 3851490 3851499 3851509 3851510 3851515 3851520 3851540 3851547 3851550 3851551 3851553 3851562 3851564
3933599 3933731 131 5 1 3933600 3933618 3933622 3933641 3933644 3933647 3933648 3933673 3933683 3933684 3933696 3933700 3933701 3933704 3933713 3933720 3933726
3999971 4000037 65 4 1 3999975 3999984 3999989 3999992 3999996 4000000 4000016 4000020 4000023 4000032 4000035
4044077 4044179 101 5 1 4044089 4044096 4044105 4044112 4044117 4044120 4044147 4044150 4044152 4044158 4044160 4044168
4047847 4047929 81 4 1 4047848 4047872 4047875 4047888 4047900 4047912 4047923 4047927
4280659 4280741 81 4 1 4280661 4280666 4280668 4280675 4280688 4280689 4280690 4280692 4280697 4280716 4280719 4280728 4280730 4280736 4280738
4369801 4369891 89 4 1 4369806 4369807 4369810 4369816 4369820 4369833 4369836 4369848 4369850 4369862 4369867 4369869 4369872 4369875 4369885 4369889
4456223 4456297 73 4 1 4456227 4456237 4456244 4456250 4456254 4456256 4456270 4456272 4456285 4456295 4456296
4478423 4478527 103 4 1 4478425 4478430 4478441 4478452 4478475 4478480 4478483 4478490 4478493 4478500 4478509 4478514 4478525
4562419 4562497 77 4 1 4562425 4562427 4562432 4562460 4562467 4562470 4562473 4562475 4562480 4562487 4562488 4562496
4640599 4640717 117 5 1 4640610 4640625 4640636 4640638 4640649 4640669 4640675 4640680 4640683 4640685 4640688 4640696 4640697 4640700 4640715
4652353 4652507 153 4 1 4652375 4652386 4652389 4652412 4652417 4652424 4652436 4652440 4652470 4652471 4652475 4652480 4652492 4652505
4678397 4678477 79 5 1 4678400 4678403 4678407 4678425 4678426 4678427 4678428 4678443 4678464 4678465 4678470 4678476
4862621 4862699 77 4 1 4862628 4862637 4862655 4862660 4862662 4862670 4862676 4862688 4862697
4948117 4948201 83 4 1 4948119 4948122 4948125 4948128 4948132 4948146 4948151 4948160 4948164 4948174 4948189
5137547 5137651 103 4 1 5137560 5137562 5137582 5137587 5137594 5137600 5137605 5137617 5137631 5137638 5137640 5137650
5179739 5179831 91 4 1 5179761 5179776 5179780 5179785 5179788 5179790 5179793 5179796 5179800 5179815 5179823
5516281 5516393 111 4 1 5516293 5516311 5516315 5516326 5516343 5516345 5516346 5516352 5516381 5516384 5516385 5516390
5518687 5518817 129 4 1 5518688 5518695 5518700 5518712 5518723 5518737 5518740 5518744 5518749 5518758 5518792 5518800 5518804 5518816
5550583 5550647 63 4 1 5550584 5550592 5550600 5550606 5550612 5550615 5550622 5550625 5550636
5604367 5604451 83 4 1 5604375 5604390 5604396 5604410 5604418 5604424 5604429 5604436
5752403 5752489 85 4 1 5752422 5752440 5752461 5752464 5752472 5752480 5752488
5837399 5837501 101 4 1 5837400 5837416 5837439 5837450 5837460 5837468 5837478 5837494 5837498 5837500
5888741 5888873 131 5 1 5888746 5888764 5888782 5888799 5888800 5888805 5888808 5888818 5888828 5888830 5888834 5888835 5888850 5888870
5890903 5890979 75 4 1 5890908 5890914 5890925 5890939 5890941 5890944 5890950 5890954 5890959 5890962 5890973 5890976
5976079 5976181 101 4 1 5976089 5976092 5976095 5976109 5976112 5976113 5976143 5976146 5976166 5976169 5976170 5976180
6034247 6034393 145 5 1 6034248 6034257 6034262 6034272 6034288 6034303 6034320 6034330 6034336 6034338 6034349 6034378 6034380 6034392
6085441 6085561 119 4 1 6085446 6085449 6085451 6085464 6085476 6085477 6085491 6085495 6085513 6085548 6085552 6085555 6085560
6158563 6158681 117 4 1 6158565 6158572 6158576 6158586 6158592 6158600 6158603 6158613 6158614 6158627 6158640 6158645 6158646 6158656 6158658 6158675 6158677
6322163 6322259 95 4 1 6322176 6322193 6322200 6322204 6322212 6322219 6322225 6322230 6322232 6322233 6322248 6322250
6347059 6347177 117 5 1 6347064 6347068 6347091 6347097 6347102 6347120 6347121 6347124 6347133 6347143 6347157 6347169 6347172 6347176
6371401 6371537 135 4 1 6371414 6371421 6371430 6371445 6371460 6371469 6371481 6371482 6371501 6371505 6371508 6371532
6646049 6646153 103 5 1 6646057 6646059 6646065 6646075 6646080 6646091 6646094 6646112 6646114 6646125 6646133 6646139 6646144 6646149
6752623 6752747 123 4 1 6752655 6752662 6752663 6752668 6752680 6752685 6752700 6752706 6752720 6752727 6752730
7053049 7053127 77 4 1 7053057 7053064 7053066 7053072 7053075 7053088 7053090 7053096 7053100 7053102 7053120 7053125
7129877 7130003 125 5 1 7129900 7129902 7129908 7129915 7129928 7129941 7129969 7129980 7129985 7129998 7130000
7160227 7160347 119 4 1 7160240 7160244 7160245 7160252 7160256 7160264 7160274 7160277 7160292 7160300 7160307 7160323
7230331 7230479 147 7 1 7230355 7230364 7230366 7230372 7230391 7230396 7230418 7230431 7230432 7230439 7230440 7230450 7230456 7230464 7230466
7293989 7294093 103 5 1 7293990 7293993 7293995 7294005 7294014 7294032 7294040 7294042 7294059 7294071 7294080
7309427 7309529 101 4 1 7309428 7309440 7309450 7309456 7309471 7309473 7309484 7309489 7309490 7309498 7309500 7309521
7753679 7753787 107 5 1 7753680 7753690 7753695 7753710 7753715 7753720 7753731 7753759 7753760 7753768
7802701 7802791 89 4 1 7802704 7802711 7802712 7802730 7802750 7802751 7802753 7802765 7802777 7802780 7802787
7826899 7827019 119 5 1 7826900 7826910 7826920 7826931 7826934 7826936 7826940 7826960 7826970 7826987 7826988 7827004 7827015
7970377 7970471 93 4 1 7970382 7970387 7970389 7970400 7970424 7970430 7970443 7970456 7970466
8173267 8173351 83 4 1 8173268 8173296 8173300 8173302 8173305 8173308 8173328 8173339 8173347 8173350
8303957 8304061 103 4 1 8303976 8303984 8303988 8304000 8304018 8304030 8304035 8304056 8304058
8367397 8367517 119 5 1 8367400 8367406 8367424 8367429 8367485 8367492 8367494 8367496 8367513 8367514 8367515
8409721 8409829 107 4 1 8409726 8409730 8409742 8409744 8409765 8409768 8409772 8409778 8409786 8409803 8409804
8421251 8421403 151 7 1 8421263 8421270 8421280 8421294 8421309 8421310 8421325 8421335 8421336 8421358 8421364 8421370 8421376 8421380 8421381 8421400
8454959 8455063 103 4 1 8454961 8454981 8454984 8454999 8455000 8455002 8455005 8455018 8455020 8455035 8455043 8455056
8463673 8463757 83 5 1 8463676 8463679 8463690 8463700 8463708 8463713 8463720 8463735 8463741 8463744 8463750
8470927 8471053 125 5 1 8470928 8470935 8470941 8470944 8470948 8470952 8470964 8470980 8470984 8470998 8471000 8471010 8471029 8471032 8471043 8471045
8917523 8917663 139 4 1 8917529 8917545 8917555 8917560 8917568 8917584 8917590 8917599 8917600 8917614 8917622 8917623 8917629 8917650
9015707 9015803 95 4 1 9015717 9015722 9015724 9015730 9015747 9015777 9015790 9015792 9015796 9015797
9064481 9064571 89 4 1 9064482 9064484 9064485 9064498 9064524 9064530 9064539 9064548 9064553 9064560 9064561 9064564
9076033 9076117 83 4 1 9076050 9076053 9076060 9076061 9076072 9076088 9076096 9076100 9076113
9144917 9145033 115 4 1 9144920 9144928 9144938 9144958 9144960 9145000 9145017 9145024 9145025 9145031
9286663 9286799 135 4 1 9286667 9286683 9286687 9286695 9286704 9286705 9286710 9286725 9286748 9286750 9286762 9286774 9286777 9286794
9434023 9434119 95 5 1 9434028 9434048 9434068 9434075 9434082 9434088 9434094 9434100 9434106 9434110 9434112
9469549 9469661 111 5 1 9469553 9469558 9469560 9469568 9469577 9469578 9469579 9469593 9469600 9469607 9469614 9469625 9469629 9469632
9538283 9538367 83 4 1 9538298 9538304 9538308 9538321 9538322 9538326 9538330 9538353 9538360
9824537 9824641 103 4 1 9824544 9824559 9824562 9824573 9824584 9824589 9824596 9824598 9824606 9824610 9824625 9824628 9824640
9981943 9982051 107 4 1 9981954 9981957 9981960 9981972 9981979 9981995 9982000 9982020 9982030 9982032 9982033 9982035 9982039
10152679 10152803 123 4 1 10152687 10152688 10152699 10152711 10152720 10152726 10152744 10152764 10152765 10152779 10152781 10152789 10152796 10152800 10152802
10343761 10343903 141 4 1 10343775 10343788 10343790 10343795 10343802 10343808 10343814 10343835 10343853 10343865 10343878 10343880 10343891
10724743 10724849 105 4 1 10724757 10724760 10724762 10724766 10724770 10724780 10724805 10724824 10724835 10724841
10879081 10879199 117 4 1 10879086 10879090 10879093 10879110 10879115 10879125 10879128 10879167 10879169 10879176 10879184 10879188
11479957 11480069 111 4 1 11479968 11479986 11479990 11480000 11480032 11480040 11480049 11480064
11521051 11521187 135 4 1 11521053 11521068 11521070 11521116 11521119 11521120 11521125 11521131 11521151 11521152
11805641 11805709 67 4 1 11805644 11805650 11805664 11805668 11805675 11805681 11805693 11805696 11805701
11981443 11981587 143 4 1 11981460 11981475 11981476 11981498 11981514 11981520 11981522 11981529 11981543 11981548 11981559 11981563
12409729 12409801 71 4 1 12409734 12409738 12409740 12409759 12409761 12409765 12409796 12409800
12415681 12415801 119 4 1 12415683 12415694 12415695 12415704 12415711 12415728 12415748 12415754 12415762 12415767 12415770 12415776 12415780 12415798
12481673 12481771 97 4 1 12481680 12481686 12481696 12481698 12481699 12481712 12481716 12481728 12481755 12481760 12481765
12557317 12557417 99 5 1 12557319 12557325 12557328 12557356 12557366 12557376 12557387 12557398 12557402 12557413
12612571 12612679 107 4 1 12612582 12612597 12612600 12612608 12612622 12612625 12612648 12612653 12612666 12612675
12819197 12819329 131 4 1 12819224 12819264 12819267 12819272 12819275 12819296 12819300 12819305 12819306 12819310 12819326
13226921 13227023 101 4 1 13226928 13226939 13226945 13226951 13226976 13226996 13227016 13227019
13354687 13354813 125 5 1 13354709 13354720 13354725 13354766 13354768 13354770 13354774 13354775 13354792 13354800 13354806 13354812
13683613 13683727 113 4 1 13683620 13683622 13683627 13683642 13683648 13683666 13683679 13683705 13683708 13683712 13683724 13683726
13738717 13738849 131 7 1 13738725 13738734 13738736 13738750 13738752 13738756 13738758 13738760 13738766 13738771 13738780 13738800 13738805 13738816 13738819 13738824 13738843
14087179 14087317 137 4 1 14087187 14087205 14087216 14087230 14087238 14087269 14087299 14087304 14087310
14318561 14318657 95 4 1 14318568 14318570 14318590 14318592 14318656
14402813 14402911 97 4 1 14402816 14402817 14402824 14402842 14402850 14402856 14402879 14402893 14402895 14402902
14466719 14466833 113 5 1 14466723 14466739 14466741 14466748 14466760 14466762 14466774 14466780 14466787 14466793 14466809 14466816 14466824
14518211 14518351 139 4 1 14518230 14518240 14518244 14518245 14518261 14518262 14518272 14518273 14518283 14518290 14518305 14518322 14518337 14518348 14518350
14553079 14553193 113 4 1 14553088 14553092 14553099 14553105 14553128 14553135 14553136 14553154 14553165 14553180
14667733 14667847 113 4 1 14667744 14667750 14667760 14667772 14667774 14667807 14667816 14667832 14667836 14667840
14980739 14980837 97 4 1 14980746 14980749 14980768 14980770 14980779 14980797 14980825 14980836
15203977 15204131 153 4 1 15203994 15204000 15204006 15204024 15204030 15204035 15204063 15204105 15204112 15204120 15204123
15438323 15438457 133 4 1 15438324 15438332 15438336 15438347 15438374 15438382 15438412 15438416 15438420 15438423 15438429 15438448 15438456
15476119 15476189 69 4 1 15476121 15476130 15476160 15476175 15476184 15476188
15800699 15800809 109 4 1 15800701 15800704 15800705 15800708 15800715 15800731 15800739 15800775 15800785 15800790 15800791 15800793 15800799
16012511 16012637 125 4 1 16012512 16012522 16012524 16012535 16012550 16012554 16012555 16012560 16012577 16012598 16012600 16012623 16012631
16094899 16095011 111 5 1 16094900 16094919 16094940 16094964 16094980 16094986 16094988 16095000
16230707 16230811 103 4 1 16230708 16230720 16230732 16230750 16230752 16230753 16230760 16230778 16230780 16230801
16297223 16297313 89 4 1 16297246 16297248 16297250 16297254 16297272 16297275 16297281 16297288 16297295 16297304
16516471 16516579 107 4 1 16516472 16516480 16516500 16516520 16516530 16516552 16516578
16622407 16622513 105 4 1 16622413 16622417 16622424 16622450 16622466 16622493 16622496 16622500 16622502 16622510
17075987 17076107 119 4 1 17076022 17076040 17076055 17076070 17076072 17076074 17076075 17076087 17076096
17102077 17102159 81 4 1 17102078 17102080 17102085 17102123 17102125 17102136 17102140 17102150 17102153
17985329 17985463 133 5 1 17985330 17985352 17985357 17985366 17985375 17985383 17985396 17985405 17985429 17985436 17985448 17985456 17985457
18459839 18459923 83 5 1 18459840 18459846 18459849 18459861 18459870 18459875 18459881 18459892 18459900 18459903
18585773 18585899 125 4 1 18585775 18585781 18585800 18585804 18585828 18585835 18585840 18585868 18585869 18585879 18585887
18766211 18766303 91 4 1 18766215 18766220 18766224 18766248 18766252 18766275 18766280 18766296 18766300
19416511 19416611 99 4 1 19416515 19416522 19416540 19416544 19416546 19416550 19416564 19416589 19416592 19416600 19416605 19416607
19443197 19443301 103 4 1 19443200 19443207 19443213 19443231 19443232 19443240 19443248 19443262 19443270 19443291
19553129 19553231 101 4 1 19553131 19553163 19553175 19553184 19553192 19553196 19553211
20285099 20285263 163 4 1 20285118 20285125 20285160 20285167 20285174 20285184 20285195 20285200 20285213 20285217 20285232 20285250
20388583 20388727 143 4 1 20388600 20388624 20388636 20388641 20388644 20388654 20388665 20388668 20388672 20388685
20403589 20403709 119 4 1 20403600 20403616 20403625 20403646 20403650 20403669 20403675 20403682 20403684 20403691
20831323 20831533 209 6 1 20831334 20831338 20831340 20831356 20831360 20831370 20831392 20831400 20831402 20831425 20831426 20831429 20831481 20831485 20831499 20831526
21049387 21049493 105 4 1 21049389 21049390 21049392 21049400 21049413 21049416 21049420 21049429 21049434 21049457 21049468 21049485
21249331 21249443 111 4 1 21249332 21249344 21249381 21249384 21249385 21249386 21249396 21249405 21249415 21249424
21306617 21306707 89 4 1 21306648 21306670 21306672 21306675 21306695
21500321 21500429 107 4 1 21500325 21500352 21500359 21500363 21500365 21500367 21500375 21500397 21500400 21500426
21825757 21825887 129 4 1 21825761 21825776 21825798 21825804 21825809 21825826 21825832 21825840 21825853 21825858 21825860 21825863 21825870
21947977 21948077 99 4 1 21948000 21948003 21948017 21948030 21948044 21948060 21948066
22084639 22084753 113 6 1 22084650 22084656 22084660 22084674 22084689 22084692 22084708 22084720 22084732 22084737 22084741 22084745
22337149 22337291 141 5 1 22337160 22337163 22337168 22337175 22337198 22337205 22337210 22337220 22337224 22337236 22337241 22337250 22337252 22337264 22337280
22473427 22473547 119 4 1 22473440 22473450 22473451 22473484 22473488 22473504 22473507 22473520 22473537 22473542
22672999 22673093 93 4 1 22673000 22673004 22673035 22673040 22673061 22673070 22673079 22673082 22673090
22790357 22790507 149 4 1 22790361 22790394 22790398 22790404 22790405 22790424 22790430 22790434 22790452 22790475
22881311 22881401 89 4 1 22881312 22881320 22881339 22881348 22881366 22881375 22881377
22963169 22963279 109 4 1 22963185 22963200 22963204 22963207 22963213 22963245 22963246 22963248 22963260
23008409 23008549 139 4 1 23008425 23008440 23008466 23008495 23008505 23008510 23008513 23008531 23008544
23047543 23047637 93 4 1 23047570 23047583 23047588 23047596 23047600 23047605 23047618 23047633
23097479 23097593 113 4 1 23097483 23097492 23097522 23097536 23097543 23097546 23097555 23097589
23605943 23606053 109 4 1 23606000 23606004 23606011 23606023 23606024 23606030 23606037
23980549 23980643 93 4 1 23980572 23980593 23980605 23980608 23980609 23980622 23980625 23980627
24120233 24120379 145 4 1 24120244 24120250 24120261 24120280 24120300 24120315 24120334 24120341 24120348 24120353 24120368 24120375 24120376
24149813 24149941 127 5 1 24149826 24149860 24149880 24149895 24149900 24149908 24149930 24149931 24149939
24545371 24545491 119 5 1 24545374 24545397 24545410 24545416 24545424 24545430 24545439 24545450 24545470 24545475 24545484
24937571 24937673 101 4 1 24937576 24937589 24937593 24937614 24937623 24937635 24937640 24937650 24937660 24937668
25173437 25173593 155 4 1 25173441 25173456 25173462 25173480 25173500 25173508 25173512 25173537 25173543 25173550 25173566 25173569 25173575 25173576 25173577
25180321 25180471 149 5 1 25180323 25180324 25180335 25180350 25180381 25180400 25180410 25180417 25180434 25180463 25180468
26689633 26689753 119 5 1 26689635 26689642 26689663 26689676 26689696 26689728 26689729 26689740 26689752
27980837 27980987 149 4 1 27980856 27980875 27980880 27980901 27980911 27980917 27980925 27980926 27980927 27980928 27980942 27980960 27980978 27980980
28716287 28716431 143 4 1 28716288 28716296 28716297 28716303 28716318 28716351 28716400 28716408 28716410 28716421
29187271 29187407 135 4 1 29187282 29187283 29187300 29187312 29187340 29187368 29187390
29329381 29329499 117 4 1 29329382 29329390 29329405 29329410 29329416 29329440 29329456 29329461
29783111 29783231 119 4 1 29783133 29783138 29783151 29783160 29783171 29783184 29783203 29783222 29783224 29783229
29991211 29991289 77 4 1 29991220 29991234 29991240 29991247 29991260 29991264 29991280
30031063 30031201 137 4 1 30031065 30031092 30031095 30031106 30031112 30031120 30031146 30031155 30031182 30031188 30031200
31133321 31133437 115 4 1 31133344 31133362 31133375 31133376 31133414 31133415 31133421 31133424 31133426
31513423 31513561 137 4 1 31513426 31513427 31513440 31513450 31513453 31513468 31513482 31513495 31513499 31513500 31513515 31513517 31513552
31515413 31515557 143 4 1 31515431 31515456 31515470 31515474 31515480 31515484 31515495 31515496 31515528 31515549 31515552
31678657 31678781 123 4 1 31678660 31678680 31678686 31678696 31678715 31678730 31678745 31678752 31678776
31959947 31960021 73 4 1 31959972 31960000 31960005 31960008
33384517 33384667 149 5 1 33384520 33384523 33384555 33384568 33384582 33384594 33384615 33384617 33384619 33384626 33384642 33384660 33384661 33384663
33493391 33493483 91 4 1 33493392 33493405 33493416 33493419 33493425 33493434 33493440 33493456 33493460 33493474
33734147 33734287 139 6 1 33734155 33734188 33734192 33734195 33734196 33734232 33734250 33734272 33734281
33752749 33752869 119 4 1 33752752 33752768 33752775 33752791 33752799 33752805 33752808 33752829 33752838 33752862
34186367 34186499 131 4 1 34186372 34186395 34186400 34186411 34186415 34186455 34186460 34186464 34186476 34186484 34186490 34186494
36271601 36271783 181 5 1 36271625 36271642 36271656 36271664 36271665 36271676 36271692 36271695 36271710 36271716 36271744 36271759 36271760
36310289 36310363 73 4 1 36310300 36310309 36310311 36310315 36310318 36310320 36310323
36516941 36517051 109 4 1 36516960 36516979 36516986 36517000 36517008 36517019 36517036 36517039
36567511 36567617 105 4 1 36567520 36567531 36567544 36567552 36567556 36567562 36567591 36567598 36567608
37682237 37682389 151 4 1 37682249 37682280 37682281 37682297 37682325 37682344 37682364 37682368 37682381
38089277 38089453 175 6 1 38089278 38089281 38089297 38089298 38089299 38089317 38089324 38089325 38089350 38089359 38089376 38089396 38089400 38089410 38089414 38089425 38089452
38112469 38112601 131 4 1 38112470 38112480 38112512 38112516 38112525 38112561 38112575 38112592 38112593
38394127 38394299 171 5 1 38394132 38394135 38394140 38394155 38394160 38394193 38394216 38394236 38394244 38394245 38394250 38394275
38412637 38412767 129 5 1 38412660 38412675 38412704 38412717 38412724 38412737
39175217 39175379 161 5 1 39175250 39175254 39175259 39175268 39175279 39175292 39175302 39175304 39175375 39175378
40246061 40246223 161 4 1 40246076 40246080 40246092 40246101 40246115 40246140 40246165 40246166 40246167 40246173 40246199 40246200
42189629 42189743 113 4 1 42189648 42189656 42189665 42189680 42189691 42189693 42189714 42189720 42189728 42189738
43507181 43507307 125 4 1 43507191 43507200 43507216 43507230 43507250 43507260 43507284 43507301
46006769 46006967 197 7 1 46006785 46006790 46006809 46006810 46006818 46006843 46006862 46006879 46006890 46006900 46006914 46006938 46006947 46006961
46668691 46668829 137 4 1 46668692 46668721 46668726 46668740 46668750 46668771 46668776 46668825 46668826
46852511 46852621 109 4 1 46852518 46852530 46852537 46852545 46852552 46852560 46852568 46852575 46852586 46852587 46852608
47973257 47973421 163 5 1 47973275 47973280 47973290 47973303 47973304 47973321 47973328 47973337 47973354 47973405 47973419
48497221 48497357 135 4 1 48497232 48497248 48497260 48497280 48497292 48497295 48497310 48497340
48527939 48528079 139 4 1 48527962 48527969 48527970 48527991 48528000 48528025 48528033 48528051 48528060 48528064 48528072
52489909 52490051 141 4 1 52489913 52489920 52489944 52489970 52489976 52490000 52490016 52490025 52490048
52721113 52721287 173 4 1 52721152 52721162 52721202 52721203 52721214 52721220 52721228 52721256 52721263 52721266 52721280
52975943 52976081 137 4 1 52975944 52975962 52975978 52975982 52976000 52976007 52976060
53176859 53177017 157 4 1 53176860 53176875 53176877 53176896 53176904 53176915 53176935 53176952 53176959 53176966 53176975 53177005
53321563 53321711 147 4 1 53321596 53321604 53321619 53321625 53321643 53321682 53321695 53321710
53578529 53578673 143 4 1 53578554 53578560 53578575 53578590 53578602 53578623 53578633 53578638 53578645
54204053 54204193 139 5 1 54204065 54204066 54204074 54204075 54204112 54204132 54204150 54204160 54204192
54719299 54719393 93 4 1 54719320 54719327 54719340 54719346 54719360 54719373 54719379 54719392
56249429 56249561 131 4 1 56249435 56249472 56249479 56249500 56249515 56249536 56249559
57138413 57138539 125 4 1 57138432 57138440 57138445 57138452 57138453 57138471 57138528 57138529 57138532
58374559 58374689 129 4 1 58374564 58374566 58374600 58374621 58374624 58374659 58374680
59031631 59031751 119 4 1 59031632 59031665 59031672 59031675 59031686 59031700 59031718 59031742
59821897 59822053 155 4 1 59821905 59821929 59821944 59821965 59821976 59821980 59821988 59822034
62273819 62273971 151 4 1 62273834 62273875 62273880 62273887 62273893 62273903 62273904 62273910
62392609 62392753 143 5 1 62392611 62392623 62392652 62392656 62392662 62392677 62392680 62392750
62467403 62467523 119 4 1 62467416 62467418 62467430 62467433 62467440 62467449 62467460 62467470 62467490 62467497 62467505
63312853 63313001 147 4 1 63312856 63312864 63312900 63312964 63312970 63312977 63312998
63399023 63399163 139 4 1 63399024 63399040 63399052 63399063 63399075 63399086 63399105 63399120 63399130 63399153 63399162
64260593 64260739 145 4 1 64260598 64260603 64260609 64260612 64260672 64260675 64260680 64260694 64260735
65587391 65587549 157 4 1 65587392 65587413 65587428 65587444 65587466 65587480 65587500 65587506 65587513 65587522 65587536
71082149 71082299 149 4 1 71082154 71082176 71082198 71082225 71082237 71082240 71082242 71082256 71082279 71082287
74000791 74000917 125 4 1 74000800 74000808 74000815 74000820 74000824 74000830 74000844 74000850 74000865 74000875 74000913
79167733 79167917 183 4 1 79167772 79167790 79167794 79167796 79167800 79167816 79167840 79167858
83307139 83307247 107 4 1 83307140 83307165 83307168 83307174 83307196 83307204 83307224 83307225
89515963 89516113 149 4 1 89515965 89515971 89515998 89516000 89516016 89516032 89516097 89516098
89775391 89775523 131 4 1 89775400 89775440 89775452 89775486 89775500 89775504 89775521
89994097 89994257 159 4 1 89994105 89994175 89994184 89994190 89994204 89994212 89994219 89994234 89994240 89994254
90438133 90438343 209 4 1 90438172 90438173 90438208 90438240 90438300 90438309 90438326 90438331 90438336
90972509 90972641 131 4 1 90972513 90972518 90972520 90972600 90972627 90972640
97553069 97553171 101 4 1 97553071 97553072 97553084 97553106 97553125
98629571 98629747 175 5 1 98629600 98629608 98629631 98629641 98629650 98629716 98629725 98629740
100449917 100450043 125 4 1 100449920 100449951 100449999 100450000 100450028 100450042
101128721 101128877 155 4 1 101128725 101128735 101128742 101128755 101128770 101128775 101128815 101128830 101128850 101128852
106614197 106614311 113 4 1 106614200 106614208 106614225 106614270 106614310
107534587 107534789 201 5 1 107534588 107534625 107534642 107534700 107534704 107534724 107534775 107534781 107534784
108014611 108014759 147 4 1 108014634 108014643 108014652 108014676 108014706 108014720 108014742 108014753
112600307 112600489 181 7 1 112600308 112600316 112600320 112600350 112600359 112600384 112600400 112600432 112600438 112600446 112600456 112600462 112600486 112600488
113160869 113160991 121 4 1 113160879 113160880 113160904 113160936 113160943 113160950 113160960
114479227 114479333 105 4 1 114479244 114479258 114479280 114479288 114479295 114479303 114479310 114479327
115860977 115861091 113 4 1 115860990 115860992 115861005 115861020 115861074 115861090
117094711 117094867 155 4 1 117094712 117094719 117094725 117094762 117094808 117094825 117094835
119804683 119804803 119 4 1 119804685 119804690 119804698 119804700 119804750 119804751 119804762 119804797
120176549 120176713 163 4 1 120176576 120176592 120176615 120176620 120176640 120176672 120176696 120176707
120351613 120351767 153 5 1 120351621 120351624 120351660 120351674 120351681 120351693 120351738 120351760
125627743 125627857 113 4 1 125627756 125627768 125627772 125627775 125627804 125627810 125627817 125627840 125627841 125627854
128386997 128387137 139 4 1 128387008 128387028 128387060 128387072 128387094 128387106 128387127
128816693 128816843 149 4 1 128816721 128816754 128816765 128816786 128816811 128816813 128816820 128816842
130389109 130389241 131 4 1 130389116 130389142 130389147 130389169 130389182 130389184 130389228 130389237
131687977 131688061 83 4 1 131687985 131688000 131688018 131688023 131688031
132102911 132103109 197 6 1 132102942 132102950 132102966 132102984 132103020 132103024 132103025 132103056 132103059 132103062 132103104
133284439 133284643 203 4 1 133284448 133284471 133284480 133284522 133284528 133284563 133284575 133284595 133284624 133284641
133294309 133294429 119 4 1 133294335 133294348 133294350 133294356 133294375 133294400 133294410 133294424
135045091 135045271 179 4 1 135045100 135045120 135045144 135045170 135045196 135045218 135045240 135045256
137102717 137102821 103 5 1 137102720 137102723 137102746 137102760 137102770 137102784 137102807
138311687 138311839 151 4 1 138311694 138311696 138311712 138311730 138311735 138311754 138311766 138311779 138311811 138311822
140611043 140611193 149 4 1 140611053 140611075 140611098 140611100 140611135 140611140 140611161
145640273 145640419 145 4 1 145640312 145640320 145640349 145640352 145640396 145640416
150256867 150257021 153 4 1 150256869 150256880 150256944 150256964 150256969 150256975 150257000 150257016
151579997 151580147 149 4 1 151580000 151580005 151580056 151580074 151580079 151580083 151580088 151580100 151580120 151580142
153642799 153642959 159 4 1 153642816 153642859 153642861 153642870 153642897 153642925 153642936 153642944 153642957
155203283 155203417 133 5 1 155203286 155203298 155203317 155203328 155203353 155203356 155203360 155203384 155203398 155203400
156835163 156835279 115 4 1 156835200 156835224 156835231 156835248 156835250 156835275
162455113 162455239 125 4 1 162455125 162455128 162455139 162455202 162455205 162455209
166187599 166187741 141 4 1 166187604 166187616 166187628 166187648 166187712 166187719
170944871 170945023 151 4 1 170944875 170944877 170944925 170944928 170944945 170944950 170944980 170944995 170945000 170945019
171051719 171051917 197 6 1 171051738 171051764 171051804 171051829 171051831 171051832 171051847 171051851 171051858 171051894
184131653 184131821 167 6 1 184131675 184131684 184131698 184131699 184131712 184131738 184131745 184131805 184131816
185794463 185794579 115 4 1 185794479 185794490 185794525 185794532 185794560 185794570 185794572 185794575
185843527 185843683 155 4 1 185843528 185843535 185843546 185843560 185843565 185843570 185843583 185843592 185843600 185843636 185843640 185843658
190296389 190296499 109 4 1 190296392 190296400 190296403 190296414 190296457 190296469 190296476
190726201 190726307 105 4 1 190726220 190726224 190726235 190726250 190726260 190726272 190726277
190864901 190865071 169 5 1 190864950 190864960 190864974 190864975 190865005 190865035 190865040 190865057 190865070
191789243 191789407 163 4 1 191789250 191789304 191789312 191789325 191789374
191912783 191913031 247 5 1 191912784 191912787 191912851 191912875 191912894 191912940 191912976 191912985 191913000 191913015 191913025
191935769 191935963 193 4 1 191935793 191935798 191935840 191935862 191935872 191935887 191935920 191935926 191935939
194442769 194442953 183 4 1 194442776 194442807 194442885 194442920 194442930 194442943
198176413 198176591 177 4 1 198176440 198176477 198176517 198176538 198176556 198176575
202813729 202813861 131 4 1 202813757 202813793 202813798 202813820 202813842 202813856 202813858
203743831 203743993 161 5 1 203743844 203743872 203743890 203743904 203743924 203743941
206869807 206869979 171 4 1 206869808 206869812 206869816 206869820 206869887 206869947 206869949 206869960 206869971
209048041 209048207 165 4 1 209048066 209048070 209048095 209048112 209048150 209048159 209048169 209048175 209048184 209048192
209406671 209406793 121 4 1 209406676 209406680 209406704 209406705 209406714 209406717
209554693 209554853 159 4 1 209554695 209554699 209554725 209554752 209554761 209554772 209554792 209554800 209554823
210483671 210483809 137 4 1 210483672 210483689 210483693 210483750 210483796 210483798
210848851 210848971 119 5 1 210848866 210848909 210848913 210848940 210848946 210848953 210848957 210848960
214240729 214240847 117 4 1 214240741 214240749 214240768 214240796 214240800 214240806 214240808 214240845
215949407 215949619 211 5 1 215949409 215949427 215949440 215949483 215949538 215949566 215949600
216668603 216668839 235 4 1 216668613 216668628 216668641 216668672 216668706 216668721 216668740 216668760 216668797
217079321 217079483 161 4 1 217079358 217079360 217079370 217079401 217079408 217079419 217079445 217079447 217079460
217478143 217478291 147 4 1 217478144 217478186 217478248 217478250 217478268
221287279 221287447 167 4 1 221287280 221287296 221287300 221287305 221287318 221287332 221287342 221287360 221287374 221287402 221287405 221287443
226342561 226342759 197 4 1 226342575 226342600 226342616 226342632 226342680 226342690 226342701 226342755
230571379 230571553 173 5 1 230571391 230571411 230571420 230571425 230571459 230571460 230571510 230571522 230571528
231293107 231293281 173 4 1 231293194 231293200 231293216 231293232 231293251 231293259
234725761 234725947 185 4 1 234725764 234725800 234725810 234725820 234725860 234725868 234725876 234725895 234725916 234725922
239065199 239065403 203 4 1 239065218 239065240 239065266 239065344 239065380 239065398
244180303 244180429 125 5 1 244180316 244180328 244180344 244180377 244180400 244180420 244180428
250479041 250479149 107 4 1 250479045 250479054 250479060 250479085 250479108 250479125
253845367 253845539 171 4 1 253845382 253845411 253845441 253845449 253845496 253845504 253845512 253845522
256222727 256222873 145 4 1 256222743 256222754 256222776 256222784 256222812 256222848
257737343 257737511 167 5 1 257737356 257737370 257737375 257737410 257737415 257737425 257737439 257737446 257737450 257737476 257737480 257737500
259839887 259840027 139 4 1 259839888 259839892 259839900 259839923 259839954 259839970 259839980 259840000
261809363 261809551 187 5 1 261809375 261809390 261809415 261809499 261809506 261809518 261809520 261809526 261809550
262051253 262051381 127 4 1 262051273 262051279 262051320 262051328 262051335 262051344 262051374
265490243 265490441 197 4 1 265490244 265490325 265490328 265490357 265490382 265490420 265490428
267546091 267546271 179 4 1 267546105 267546112 267546120 267546125 267546147 267546168 267546179 267546186 267546240 267546244 267546258 267546267
270776147 270776299 151 4 1 270776165 270776181 270776187 270776205 270776212 270776220 270776250 270776290
270791503 270791707 203 4 1 270791505 270791534 270791541 270791559 270791638 270791640 270791675 270791697 270791705
275186893 275187047 153 4 1 275186912 275186956 275186974 275187000 275187024 275187032 275187035
276594887 276595031 143 4 1 276594895 276594912 276594958 276594964 276595000 276595020
284491367 284491601 233 4 1 284491392 284491439 284491464 284491512 284491521 284491526 284491557 284491600
297376561 297376747 185 4 1 297376596 297376605 297376614 297376618 297376638 297376645 297376648 297376665 297376683 297376716 297376733
300335723 300335881 157 4 1 300335724 300335736 300335750 300335810 300335822 300335840 300335865 300335875
302008121 302008277 155 4 1 302008135 302008154 302008176 302008180 302008231 302008239 302008245 302008262
302729201 302729423 221 4 1 302729240 302729260 302729270 302729295 302729322 302729328 302729336 302729350 302729375 302729413
305647201 305647313 111 4 1 305647210 305647215 305647251 305647290 305647300
310845683 310845889 205 4 1 310845700 310845708 310845780 310845799 310845839 310845843 310845882
317914643 317914747 103 4 1 317914650 317914656 317914674 317914675 317914688 317914695 317914740
325746439 325746593 153 4 1 325746440 325746500 325746520 325746564 325746586
330635027 330635167 139 4 1 330635034 330635041 330635074 330635115 330635130 330635150
331687397 331687589 191 4 1 331687425 331687499 331687500 331687544 331687545 331687551
336075937 336076133 195 4 1 336075960 336076000 336076084 336076086 336076104 336076125 336076128
340874819 340875001 181 5 1 340874820 340874858 340874895 340874915 340874919 340874950 340874973 340874975 340875000
341933311 341933477 165 4 1 341933318 341933319 341933410 341933440 341933460 341933475
350153737 350153873 135 4 1 350153755 350153760 350153762 350153790 350153804 350153856 350153859
353347409 353347619 209 4 1 353347452 353347488 353347533 353347566 353347584 353347598 353347600 353347610
367876529 367876771 241 4 1 367876542 367876565 367876566 367876600 367876614 367876665 367876696 367876710 367876770
374425451 374425589 137 4 1 374425464 374425489 374425492 374425500 374425510 374425533 374425584
409866323 409866547 223 4 1 409866325 409866380 409866381 409866418 409866457 409866490 409866518
412933993 412934143 149 4 1 412934012 412934074 412934130 412934132
418131953 418132097 143 4 1 418131957 418131968 418132000 418132005 418132064 418132088 418132092
418857979 418858157 177 4 1 418857992 418858000 418858050 418858086 418858110 418858112 418858125 418858152
434865437 434865671 233 4 1 434865440 434865477 434865483 434865504 434865508 434865526 434865588 434865600 434865635 434865662
438759407 438759619 211 4 1 438759444 438759477 438759488 438759492 438759546 438759552 438759585 438759616
445938401 445938553 151 4 1 445938402 445938410 445938416 445938426 445938466 445938467 445938550
460029811 460029959 147 5 1 460029813 460029824 460029843 460029856 460029877 460029900 460029930 460029952 460029956
465828497 465828731 233 4 1 465828510 465828594 465828624 465828659 465828660 465828675 465828684 465828696 465828714
478372637 478372801 163 4 1 478372650 478372653 478372700 478372736 478372741 478372764 478372785
505264957 505265071 113 4 1 505264970 505265007 505265013 505265024 505265040 505265046 505265058
507382861 507383017 155 4 1 507382872 507382898 507382905 507382907 507382944 507382954 507382995 507383001
515011489 515011687 197 5 1 515011496 515011580 515011584 515011625 515011640 515011653 515011680
516540163 516540413 249 4 1 516540252 516540263 516540336 516540375 516540394 516540402
537919441 537919639 197 6 1 537919469 537919488 537919525 537919536 537919550 537919560 537919564 537919579 537919602 537919626
572895187 572895343 155 4 1 572895192 572895225 572895232 572895314
578432929 578433127 197 5 1 578432932 578432976 578432985 578432988 578432995 578433024 578433043 578433072
613061857 613062061 203 4 1 613061865 613061904 613061922 613062030
616499953 616500107 153 4 1 616499968 616500000 616500015 616500027 616500038 616500064 616500081 616500096
616882127 616882297 169 4 1 616882144 616882200 616882230 616882264 616882266
638926111 638926291 179 4 1 638926149 638926200 638926281 638926288
649580171 649580447 275 9 1 649580234 649580251 649580256 649580260 649580265 649580268 649580288 649580344 649580360 649580399 649580400 649580425
651446077 651446197 119 4 1 651446087 651446130 651446160 651446180
669851687 669851851 163 4 1 669851700 669851721 669851732 669851736 669851796 669851802 669851848 669851850
672729179 672729347 167 4 1 672729189 672729300 672729330 672729338
686748857 686749003 145 4 1 686748894 686748898 686748920 686748934 686748942 686748960 686748975 686749000
688070099 688070261 161 4 1 688070125 688070130 688070168 688070240 688070241 688070250
693103639 693103883 243 4 1 693103641 693103735 693103736 693103770 693103814 693103824 693103873
693359881 693360077 195 4 1 693359888 693359919 693359943 693359950 693359977 693360000 693360018 693360027 693360045 693360074
706197307 706197509 201 4 1 706197325 706197366 706197375 706197420 706197432 706197453
731075729 731075951 221 4 1 731075761 731075786 731075840 731075852 731075895 731075905 731075917
737033593 737033767 173 4 1 737033598 737033605 737033674 737033696 737033742
737630503 737630659 155 4 1 737630544 737630605 737630608 737630628 737630631 737630655
744274873 744275023 149 4 1 744274875 744274908 744274944 744274960 744274986
748682173 748682279 105 4 1 748682176 748682178 748682240 748682244 748682270 748682271 748682272
770818681 770818861 179 4 1 770818720 770818750 770818752 770818753 770818800 770818840 770818842 770818850 770818860
784851703 784851871 167 4 1 784851735 784851750 784851800 784851807 784851824 784851848
807159229 807159421 191 4 1 807159235 807159248 807159276 807159294 807159320 807159330 807159353 807159388
821843123 821843279 155 5 1 821843170 821843172 821843175 821843176 821843214 821843253
896591473 896591651 177 4 1 896591475 896591520 896591608 896591619
936415427 936415637 209 4 1 936415440 936415450 936415480 936415510 936415550 936415636
938101799 938102047 247 4 1 938101905 938101920 938101976 938102004
950376223 950376431 207 4 1 950376228 950376240 950376265 950376284 950376330 950376360 950376390
966174257 966174401 143 4 1 966174266 966174282 966174300 966174345 966174365 966174396
967173059 967173293 233 4 1 967173076 967173120 967173150 967173180 967173200 967173207 967173214 967173273
997073653 997073797 143 4 1 997073670 997073676 997073688 997073698 997073736 997073766 997073792
1008485741 1008485903 161 4 1 1008485772 1008485815 1008485856 1008485875 1008485876
1015027021 1015027207 185 4 1 1015027038 1015027040 1015027076 1015027115 1015027134 1015027169 1015027200
1054393517 1054393741 223 5 1 1054393535 1054393540 1054393600 1054393638 1054393662 1054393669 1054393740
1055281621 1055281807 185 4 1 1055281662 1055281698 1055281722 1055281766 1055281788 1055281800
1061636371 1061636593 221 4 1 1061636375 1061636400 1061636546 1061636553 1061636571 1061636576
1065241591 1065241739 147 4 1 1065241623 1065241656 1065241688 1065241696 1065241710
1088680003 1088680141 137 4 1 1088680010 1088680040 1088680068 1088680082 1088680119 1088680122
1118538637 1118538847 209 4 1 1118538641 1118538712 1118538766 1118538784 1118538816 1118538828
1140352403 1140352579 175 4 1 1140352500 1140352512 1140352544 1140352558 1140352564
1168363289 1168363517 227 4 1 1168363388 1168363420 1168363430 1168363455 1168363467 1168363469 1168363500 1168363504
1235806753 1235806867 113 4 1 1235806754 1235806759 1235806772 1235806816 1235806830
1254607819 1254607967 147 4 1 1254607848 1254607860 1254607914 1254607956
1258157011 1258157161 149 4 1 1258157025 1258157043 1258157124 1258157160
1276658689 1276658893 203 4 1 1276658691 1276658697 1276658721 1276658735 1276658820 1276658838
1294268491 1294268779 287 5 1 1294268514 1294268538 1294268616 1294268650 1294268724 1294268752
1299940693 1299940823 129 4 1 1299940700 1299940733 1299940752 1299940758 1299940785 1299940795 1299940805
1305816419 1305816613 193 4 1 1305816420 1305816444 1305816456 1305816481 1305816512 1305816515 1305816544 1305816596
1350467567 1350467749 181 4 1 1350467685 1350467708 1350467712 1350467734
1364619967 1364620091 123 4 1 1364620000 1364620010 1364620014 1364620015 1364620056 1364620088 1364620090
1385305853 1385306071 217 4 1 1385305888 1385305900 1385305922 1385305974 1385305985 1385306001
1394244329 1394244463 133 4 1 1394244341 1394244360 1394244375 1394244397 1394244423
1438779821 1438780087 265 4 1 1438779874 1438779944 1438779980 1438780000 1438780074
1464837727 1464837943 215 4 1 1464837750 1464837828 1464837850 1464837908 1464837920
1486070629 1486070843 213 4 1 1486070640 1486070647 1486070652 1486070664 1486070684 1486070709 1486070712 1486070760 1486070784 1486070816 1486070825
1498086431 1498086683 251 4 1 1498086439 1498086464 1498086495 1498086500 1498086525 1498086656
1566526369 1566526537 167 4 1 1566526392 1566526421 1566526456 1566526458 1566526464 1566526500
1588640437 1588640687 249 4 1 1588640445 1588640482 1588640514 1588640575 1588640590 1588640600 1588640625
1610384351 1610384533 181 4 1 1610384374 1610384380 1610384384 1610384400 1610384500 1610384512
1747615567 1747615741 173 4 1 1747615584 1747615611 1747615625 1747615632 1747615693 1747615725
1806143617 1806143797 179 4 1 1806143625 1806143636 1806143724 1806143744 1806143750 1806143767
1980866813 1980866999 185 4 1 1980866826 1980866888 1980866895 1980866914 1980866944 1980866954 1980866982
2018196289 2018196493 203 4 1 2018196310 2018196336 2018196378 2018196443 2018196480
2048569301 2048569499 197 4 1 2048569326 2048569354 2048569380 2048569428 2048569435 2048569461 2048569466
2105125261 2105125447 185 4 1 2105125277 2105125286 2105125330 2105125347 2105125360 2105125428
2130201461 2130201613 151 4 1 2130201480 2130201504 2130201549 2130201612
2144997721 2144997901 179 4 1 2144997742 2144997756 2144997763 2144997764 2144997855 2144997900
2176597583 2176597789 205 4 1 2176597638 2176597644 2176597668 2176597730 2176597744
2213687389 2213687561 171 4 1 2213687440 2213687487 2213687498 2213687504 2213687515
2259514133 2259514337 203 4 1 2259514150 2259514170 2259514200 2259514224 2259514257 2259514298
2267555639 2267555923 283 6 1 2267555675 2267555684 2267555710 2267555745 2267555755 2267555840 2267555850
2300942549 2300942869 319 4 1 2300942553 2300942632 2300942700 2300942820 2300942853
2361527633 2361527813 179 4 1 2361527662 2361527664 2361527784 2361527805
2364652447 2364652651 203 4 1 2364652517 2364652524 2364652532 2364652563 2364652570 2364652573 2364652576
2398618979 2398619159 179 4 1 2398618986 2398619028 2398619064 2398619145 2398619153
2428979387 2428979569 181 4 1 2428979394 2428979400 2428979425 2428979455 2428979456 2428979475 2428979496
2433630109 2433630413 303 6 1 2433630112 2433630138 2433630150 2433630200 2433630230 2433630261 2433630276 2433630291 2433630294
2507904761 2507904961 199 4 1 2507904770 2507904824 2507904872 2507904880 2507904918 2507904955 2507904960
2527021333 2527021573 239 4 1 2527021364 2527021375 2527021380 2527021440 2527021486 2527021568
2758371433 2758371643 209 4 1 2758371440 2758371482 2758371511 2758371525 2758371540 2758371554 2758371568 2758371584
2772859289 2772859421 131 4 1 2772859300 2772859375 2772859392 2772859418
2797809229 2797809407 177 4 1 2797809315 2797809332 2797809365 2797809375 2797809394
2835469829 2835470051 221 4 1 2835469840 2835469896 2835469923 2835469949 2835470000 2835470015
2910946607 2910946859 251 4 1 2910946618 2910946654 2910946688 2910946720 2910946773 2910946779
3299436341 3299436541 199 5 1 3299436376 3299436378 3299436450 3299436480 3299436483 3299436517
3312541879 3312542011 131 4 1 3312541890 3312541903 3312541920 3312541952 3312541980
3408282139 3408282373 233 4 1 3408282225 3408282228 3408282236 3408282257 3408282306 3408282342 3408282363
3536103113 3536103341 227 4 1 3536103121 3536103139 3536103153 3536103164 3536103168 3536103195 3536103237 3536103300 3536103330
3649684751 3649685009 257 4 1 3649684752 3649684800 3649684932 3649684961 3649685005
3875582749 3875582923 173 4 1 3875582800 3875582823 3875582854 3875582862 3875582910
3920427139 3920427281 141 4 1 3920427168 3920427175 3920427225 3920427280
4481417099 4481417309 209 4 1 4481417121 4481417150 4481417178 4481417204 4481417216 4481417226 4481417275 4481417280
4600089937 4600090127 189 4 1 4600089963 4600089993 4600090000 4600090120
4634241901 4634242073 171 4 1 4634241920 4634241930 4634241984 4634242020 4634242065
4649622149 4649622391 241 4 1 4649622183 4649622250 4649622264 4649622298 4649622300 4649622316
4673734001 4673734271 269 4 1 4673734044 4673734127 4673734182 4673734208
4745805343 4745805517 173 4 1 4745805372 4745805473 4745805500 4745805510
4932272869 4932273079 209 5 1 4932272904 4932272909 4932273042 4932273060 4932273072
4948884397 4948884649 251 4 1 4948884421 4948884458 4948884516 4948884552 4948884565 4948884600
5061526733 5061526933 199 4 1 5061526736 5061526740 5061526832 5061526834 5061526925
5092338337 5092338613 275 4 1 5092338345 5092338375 5092338420 5092338498 5092338559
5166925139 5166925319 179 4 1 5166925150 5166925162 5166925226 5166925236 5166925260
5190899933 5190900157 223 4 1 5190899956 5190900000 5190900015 5190900088 5190900095
5260030511 5260030807 295 4 1 5260030563 5260030573 5260030640 5260030685 5260030730 5260030741
5456319977 5456320189 211 4 1 5456320000 5456320025 5456320034 5456320038 5456320177
5490459101 5490459409 307 4 1 5490459104 5490459128 5490459184 5490459260 5490459281 5490459290
5672755927 5672756213 285 5 1 5672755940 5672756000 5672756064 5672756154 5672756166 5672756180
5703493703 5703493877 173 4 1 5703493715 5703493717 5703493770 5703493796 5703493800
5827427659 5827427917 257 4 1 5827427712 5827427718 5827427760 5827427775 5827427776 5827427844 5827427910
5890450873 5890451069 195 4 1 5890450887 5890450904 5890450968 5890450972 5890450976 5890451060
5894742857 5894743091 233 4 1 5894742875 5894742917 5894742921 5894742975 5894742992 5894743000 5894743008
6065224951 6065225209 257 4 1 6065224984 6065224992 6065225000 6065225082 6065225111 6065225133 6065225166
6471612383 6471612677 293 4 1 6471612488 6471612534 6471612576 6471612595 6471612650
6719811781 6719811991 209 4 1 6719811792 6719811840 6719811850 6719811901 6719811965 6719811969 6719811973
6805043899 6805044083 183 4 1 6805043921 6805043952 6805043964 6805043968 6805044000 6805044074
6910147271 6910147481 209 4 1 6910147296 6910147376 6910147380 6910147405 6910147411 6910147420
7108305683 7108305923 239 4 1 7108305710 7108305735 7108305750 7108305756 7108305834 7108305920
7383298997 7383299213 215 4 1 7383299000 7383299090 7383299148 7383299172 7383299196
7584267293 7584267473 179 4 1 7584267330 7584267336 7584267392 7584267411 7584267428 7584267432
7835053463 7835053651 187 4 1 7835053490 7835053500 7835053588 7835053600 7835053646
8194252763 8194252981 217 4 1 8194252801 8194252850 8194252878 8194252880 8194252976
8264751503 8264751757 253 4 1 8264751528 8264751575 8264751621 8264751638 8264751663 8264751690
8451491579 8451491747 167 4 1 8451491580 8451491593 8451491622 8451491723 8451491724 8451491745
8573165509 8573165719 209 4 1 8573165510 8573165550 8573165566 8573165568 8573165636
8633888077 8633888299 221 4 1 8633888117 8633888120 8633888208 8633888250 8633888256 8633888268
8669108087 8669108257 169 4 1 8669108112 8669108125 8669108138 8669108140 8669108224 8669108250
8698664393 8698664603 209 6 1 8698664400 8698664403 8698664480 8698664520 8698664538 8698664550
8849103199 8849103503 303 4 1 8849103214 8849103224 8849103318 8849103390 8849103448 8849103472
9273881371 9273881587 215 4 1 9273881376 9273881380 9273881408 9273881423 9273881435
9622532749 9622533029 279 4 1 9622532775 9622532819 9622532862 9622532872 9622533014 9622533020
9924329323 9924329549 225 4 1 9924329337 9924329394 9924329415 9924329440 9924329547
10568994731 10568995049 317 4 1 10568994750 10568994796 10568994864 10568994870 10568994904 10568995013
11051971013 11051971211 197 4 1 11051971040 11051971070 11051971072 11051971152 11051971155
11683277629 11683277831 201 4 1 11683277650 11683277662 11683277676 11683277706 11683277760 11683277768
11859890981 11859891227 245 4 1 11859890999 11859891060 11859891120 11859891156 11859891165
11954485261 11954485559 297 4 1 11954485292 11954485400 11954485434 11954485543 11954485548 11954485556
12686157767 12686157907 139 4 1 12686157804 12686157861 12686157880 12686157900
12903130769 12903131047 277 4 1 12903130800 12903130805 12903130842 12903130869 12903130896 12903130900
12988606151 12988606387 235 4 1 12988606176 12988606230 12988606234 12988606246 12988606322
13479506759 13479507031 271 4 1 13479506775 13479506794 13479506851 13479506907 13479506924 13479506960 13479506965 13479507000
13803428843 13803429049 205 4 1 13803428919 13803428959 13803428976 13803428987 13803429024 13803429042
14365932047 14365932293 245 4 1 14365932063 14365932066 14365932112 14365932152 14365932243
14910104533 14910104791 257 4 1 14910104560 14910104583 14910104584 14910104625 14910104660 14910104688
15601197881 15601198141 259 4 1 15601197906 15601197920 15601197984 15601198015 15601198074 15601198080 15601198129
16441068569 16441068823 253 4 1 16441068600 16441068612 16441068679 16441068798
18082827377 18082827593 215 4 1 18082827444 18082827496 18082827516 18082827591
18717841579 18717841843 263 4 1 18717841597 18717841602 18717841616 18717841646 18717841692 18717841725 18717841795
18971913139 18971913391 251 5 1 18971913170 18971913200 18971913216 18971913231 18971913312
19656061847 19656062197 349 5 1 19656061887 19656061929 19656062048 19656062076 19656062105
20005075073 20005075241 167 4 1 20005075091 20005075125 20005075200 20005075233
20554698071 20554698323 251 4 1 20554698108 20554698141 20554698164 20554698305
22400559823 22400560033 209 5 1 22400559832 22400559922 22400559972 22400559995 22400560000 22400560016
22550745809 22550746019 209 4 1 22550745840 22550745888 22550745899 22550745945
23533228969 23533229179 209 4 1 23533229000 23533229040 23533229056 23533229115
24121652623 24121652833 209 5 1 24121652625 24121652644 24121652730 24121652800 24121652823
25050629827 25050630097 269 4 1 25050629838 25050630000 25050630066 25050630072
25425617317 25425617681 363 4 1 25425617344 25425617448 25425617456 25425617490 25425617543
25929859831 25929860039 207 4 1 25929859871 25929859945 25929859968 25929859987 25929860016
26915705743 26915706019 275 4 1 26915705757 26915705888 26915705908 26915705978
26992287611 26992287779 167 4 1 26992287680 26992287718 26992287738 26992287744
27827583053 27827583307 253 4 1 27827583099 27827583152 27827583186 27827583300 27827583304
29926752137 29926752371 233 4 1 29926752192 29926752240 29926752251 29926752256 29926752349
30708187063 30708187369 305 5 1 30708187125 30708187184 30708187224 30708187250 30708187300
31421084573 31421084831 257 4 1 31421084604 31421084625 31421084648 31421084786
32331294913 32331295273 359 4 1 32331295040 32331295112 32331295152 32331295155
34420333319 34420333613 293 4 1 34420333360 34420333428 34420333470 34420333500
36431431109 36431431259 149 4 1 36431431124 36431431155 36431431168 36431431198 36431431250
42739714139 42739714379 239 4 1 42739714160 42739714167 42739714170 42739714187 42739714274 42739714311 42739714366 42739714368
43453540583 43453540783 199 4 1 43453540592 43453540608 43453540625 43453540676 43453540759
46980150863 46980151109 245 4 1 46980150896 46980150910 46980150945 46980151028
47601854473 47601854771 297 4 1 47601854496 47601854573 47601854600 47601854700
48866846489 48866846779 289 5 1 48866846500 48866846604 48866846715 48866846766 48866846776
50298016217 50298016393 175 4 1 50298016244 50298016250 50298016285 50298016367
51629462387 51629462551 163 4 1 51629462400 51629462430 51629462451 51629462500
52675519727 52675520077 349 4 1 52675519744 52675519796 52675519902 52675520000 52675520064
53712387629 53712387901 271 4 1 53712387820 53712387840 53712387855 53712387876
56600119351 56600119547 195 4 1 56600119422 56600119446 56600119464 56600119511 56600119540
58185616837 58185617047 209 4 1 58185616840 58185616884 58185616907 58185617028
61169519093 61169519303 209 4 1 61169519103 61169519114 61169519204 61169519250
61370410657 61370410979 321 4 1 61370410740 61370410787 61370410894 61370410972
62183526623 62183526859 235 4 1 62183526636 62183526720 62183526783 62183526857
64912104221 64912104533 311 4 1 64912104260 64912104432 64912104474 64912104521
66380300813 66380301107 293 5 1 66380300853 66380300874 66380300930 66380301013 66380301104
66844088539 66844088711 171 4 1 66844088556 66844088652 66844088675 66844088704
77903272961 77903273209 247 4 1 77903272963 77903273075 77903273136 77903273140
87519647419 87519647737 317 4 1 87519647472 87519647520 87519647565 87519647665
93208484771 93208485077 305 4 1 93208484880 93208484889 93208484952 93208484985 93208485044
100302837797 100302838147 349 4 1 100302837804 100302837894 100302837900 100302838020
108577960261 108577960511 249 4 1 108577960309 108577960390 108577960434 108577960458 108577960491
112976816629 112976816851 221 4 1 112976816700 112976816715 112976816844 112976816845
118454101741 118454101979 237 4 1 118454101760 118454101799 118454101920 118454101974
120570382643 120570382931 287 4 1 120570382650 120570382684 120570382780 120570382800 120570382845
136173959897 136173960173 275 4 1 136173959997 136173960000 136173960055 136173960100
140099016487 140099016821 333 4 1 140099016520 140099016596 140099016616 140099016720 140099016813
140220128071 140220128317 245 4 1 140220128100 140220128125 140220128178 140220128215 140220128288
142632515483 142632515737 253 4 1 142632515520 142632515524 142632515584 142632515652
144152452753 144152452993 239 4 1 144152452782 144152452808 144152452906 144152452926
145933740209 145933740457 247 4 1 145933740217 145933740336 145933740390 145933740400
150527257939 150527258153 213 4 1 150527257958 150527258046 150527258109 150527258140
154806132323 154806132577 253 4 1 154806132384 154806132462 154806132500 154806132572
166893295867 166893296183 315 4 1 166893295883 166893295920 166893295968 166893296049 166893296072 166893296175
193393254917 193393255261 343 4 1 193393255104 193393255144 193393255200 193393255225 193393255232
197871234949 197871235271 321 4 1 197871234983 197871235072 197871235140 197871235145 197871235160 197871235177
203221489487 203221489787 299 4 1 203221489536 203221489606 203221489680 203221489716 203221489752
206892730439 206892730717 277 4 1 206892730440 206892730560 206892730577 206892730668 206892730674
206957570327 206957570527 199 4 1 206957570336 206957570376 206957570400 206957570463
209911942367 209911942573 205 4 1 209911942380 209911942464 209911942485 209911942565
216957989239 216957989467 227 4 1 216957989248 216957989304 216957989391 216957989430
228999644807 228999645101 293 4 1 228999644848 228999644940 228999645036 228999645075
255415709699 255415710131 431 4 1 255415709702 255415709734 255415709808 255415709824 255415709835 255415709905 255415709970 255415709976 255415710095 255415710103
256703382769 256703383009 239 4 1 256703382776 256703382810 256703382835 256703382852 256703382858 256703382859 256703382881 256703382897 256703383002
275478721099 275478721351 251 4 1 275478721102 275478721152 275478721191 275478721192 275478721227 275478721280 275478721287 275478721323 275478721330
275575821793 275575822091 297 4 1 275575821803 275575821840 275575821875 275575821950 275575822041 275575822074
282428871163 282428871349 185 4 1 282428871255 282428871256 282428871284 282428871296
333393448673 333393449057 383 4 1 333393448780 333393448836 333393448839 333393448875 333393448960 333393448986
370396805123 370396805419 295 4 1 370396805168 370396805205 370396805252 370396805298 370396805302 370396805324 370396805336 370396805376 370396805390
376174608559 376174608851 291 4 1 376174608572 376174608655 376174608691 376174608732 376174608733 376174608800 376174608850
382665045839 382665046163 323 4 1 382665045860 382665045945 382665045987 382665046020 382665046036 382665046064 382665046077 382665046160
473000376157 473000376439 281 4 1 473000376160 473000376181 473000376186 473000376330 473000376420
483404231341 483404231671 329 4 1 483404231376 483404231443 483404231492 483404231510 483404231563 483404231574
516546565901 516546566083 181 4 1 516546566000 516546566012 516546566037 516546566050 516546566073 516546566074
563382517519 563382517783 263 4 1 563382517550 563382517624 563382517632 563382517672 563382517698 563382517725 563382517760
581665703167 581665703453 285 4 1 581665703168 581665703211 581665703234 581665703421 581665703424
636756335519 636756335807 287 4 1 636756335542 636756335625 636756335652 636756335699 636756335705 636756335715 636756335730 636756335776
734331929497 734331929857 359 4 1 734331929506 734331929558 734331929643 734331929670 734331929688 734331929733 734331929826 734331929836
738027319789 738027320123 333 4 1 738027319887 738027319889 738027319978 738027320025 738027320086 738027320107
802290931693 802290932017 323 4 1 802290931706 802290931728 802290931772 802290931844 802290931910 802290931947 802290931951 802290931974
868223933039 868223933293 253 4 1 868223933094 868223933122 868223933172 868223933196 868223933256 868223933274
